,City Name,ID,Temperature(°F),Humidity(%),Cloudiness(%),Wind Speed(mph),Latitude,Longitude
0,Mataura,6201424,50.7,84,24,4.38,-46.19,168.86
1,Barrow,3833859,49.89,52,12,11.65,-38.31,-60.23
2,Igarka,1505991,51.87,95,36,7.74,67.47,86.57
3,Ossora,2122389,57.36,92,8,13.67,59.24,163.07
4,Bluff,2175403,75.72,52,64,10.09,-23.58,149.07
5,Rikitea,4030556,75.99,95,0,17.81,-23.12,-134.97
6,Ushuaia,3833367,32.0,100,0,5.82,-54.81,-68.31
7,Dikson,1507390,40.62,99,92,17.81,73.51,80.55
8,Kieta,2094027,81.48,97,32,6.17,-6.22,155.63
9,Kargasok,1504382,58.26,72,44,3.38,59.06,80.87
10,Busselton,2075265,60.42,100,88,13.0,-33.64,115.35
11,Tiksi,2015306,53.31,73,0,10.98,71.64,128.87
12,Belaya Gora,2126785,52.41,67,24,7.74,68.54,146.19
13,San Quintin,1688687,86.0,74,75,2.24,17.54,120.52
14,New Norfolk,2155415,53.6,71,75,8.05,-42.78,147.06
15,Narayanpet,1261823,75.27,85,92,14.79,16.73,77.5
16,Qaanaaq,3831208,40.89,82,68,12.21,77.48,-69.36
17,Punta Arenas,3874787,32.0,100,90,6.93,-53.16,-70.91
18,Matiari,1170677,82.4,78,48,11.41,25.6,68.45
19,Piacabucu,3454005,69.96,90,80,4.94,-10.41,-36.43
20,Lebu,344979,55.4,87,90,4.7,8.96,38.73
21,Tasiilaq,3424607,44.49,97,8,0.58,65.61,-37.64
22,Lavrentiya,4031637,46.38,94,48,10.2,65.58,-170.99
23,Kaitangata,2208248,49.62,86,44,4.83,-46.28,169.85
24,Hermanus,3366880,49.62,82,48,9.75,-34.42,19.24
25,Yalvac,297789,57.72,90,0,2.37,38.3,31.18
26,Chokurdakh,2126123,41.25,84,44,12.55,70.62,147.9
27,Yumen,1528998,71.04,66,36,5.84,40.29,97.04
28,Vaini,1273574,70.05,98,92,10.98,15.34,74.49
29,Jamestown,2069194,46.56,94,80,18.81,-33.21,138.6
30,Chunoyar,1507638,56.82,70,12,6.85,57.45,97.32
31,Kapaa,5848280,83.37,78,75,16.11,22.08,-159.32
32,Butaritari,2110227,85.26,100,12,4.83,3.07,172.79
33,Churapcha,2025241,54.03,97,92,3.94,62.0,132.43
34,Shache,1280037,77.88,49,0,5.17,38.42,77.24
35,Port Elizabeth,4501427,79.74,83,20,8.86,39.31,-74.98
36,Namibe,3347019,64.56,99,0,12.66,-15.19,12.15
37,Provideniya,4031574,50.0,76,90,8.95,64.42,-173.23
38,Araouane,2460954,84.36,50,0,8.08,18.9,-3.53
39,Kupang,2057087,84.2,66,90,12.75,-10.16,123.6
40,Sioux Lookout,6148373,63.34,88,90,11.41,50.1,-91.92
41,Hilo,5855927,78.6,74,75,11.41,19.71,-155.08
42,Muriae,3456500,62.22,97,80,2.93,-21.13,-42.37
43,Beringovskiy,2126710,51.96,100,92,5.28,63.05,179.32
44,Nurota,1513087,78.8,22,0,4.72,40.56,65.69
45,Kavieng,2094342,75.27,100,92,5.06,-2.57,150.8
46,Rio Gallegos,3838859,35.6,100,75,2.24,-51.62,-69.22
47,Ouallam,2440371,82.11,67,88,12.77,14.32,2.08
48,Virarajendrapet,1253132,70.41,100,92,2.71,12.2,75.8
49,Chara,262462,68.0,60,20,3.36,39.42,22.43
50,Pajapan,3522186,75.2,100,90,11.41,18.26,-94.69
51,Palaikastron,256155,80.04,93,0,20.27,35.2,26.25
52,Ahtopol,729125,66.2,72,0,3.36,42.1,27.94
53,Muros,3115824,73.4,73,0,3.36,42.77,-9.06
54,Haines Junction,5969025,60.87,53,12,3.6,60.75,-137.51
55,Prado,3452483,77.07,96,12,15.68,-17.34,-39.22
56,Longyearbyen,2729907,42.8,93,20,5.82,78.22,15.63
57,Airai,1651810,81.57,47,0,2.04,-8.93,125.41
58,Tautira,4033557,82.4,61,40,10.29,-17.73,-149.15
59,Arman,2127060,64.4,82,90,8.95,59.7,150.17
60,Portales,5484874,81.84,34,1,11.41,34.19,-103.33
61,Melendugno,3173630,74.03,88,0,5.82,40.27,18.34
62,Nouadhibou,2377457,69.8,88,75,16.11,20.93,-17.03
63,East London,1006984,58.26,100,0,10.42,-33.02,27.91
64,Harnosand,2707684,52.66,71,0,8.05,62.63,17.94
65,San Patricio,3437029,41.88,83,0,2.26,-26.98,-56.83
66,Lorengau,2092164,77.79,100,92,6.4,-2.02,147.27
67,Ribeira Grande,3372707,71.76,100,0,10.42,38.52,-28.7
68,Soyo,2236967,66.81,98,56,3.38,-6.13,12.37
69,Nikolskoye,546105,62.6,93,20,6.71,59.7,30.79
70,Antalya,323777,77.0,83,0,2.24,36.9,30.69
71,Lompoc,5367788,66.63,63,1,11.41,34.64,-120.46
72,Zhezkazgan,1516589,75.2,47,90,6.71,47.8,67.71
73,Ixtapa,4004293,80.6,100,75,5.82,20.71,-105.21
74,Hasaki,2112802,81.55,88,75,9.17,35.73,140.83
75,Hithadhoo,1282256,79.95,100,12,9.42,-0.6,73.08
76,Sambava,1056899,72.84,100,80,14.56,-14.27,50.17
77,Pryazha,504409,59.0,100,48,2.24,61.69,33.62
78,Tuktoyaktuk,6170031,44.6,100,90,8.05,69.44,-133.03
79,Prince Rupert,6113406,66.2,72,1,4.7,54.32,-130.32
80,Cabo San Lucas,3985710,89.2,54,20,11.41,22.89,-109.91
81,Ngunguru,2186111,57.72,100,36,4.16,-35.62,174.5
82,Sao Jose da Coroa Grande,3388456,70.86,97,56,4.61,-8.9,-35.15
83,Saskylakh,2017155,62.31,66,0,15.46,71.97,114.09
84,Pevek,2122090,46.74,88,20,6.96,69.7,170.27
85,Kurchatov,1520885,68.34,41,100,6.17,50.75,78.54
86,Kysyl-Syr,2021017,62.31,60,0,5.73,63.9,122.77
87,Albany,5106834,71.98,83,20,3.04,42.65,-73.75
88,Yertsevo,467084,60.78,98,36,10.65,60.8,40.09
89,Narsaq,3421719,46.4,75,0,3.36,60.91,-46.05
90,Port Alfred,964432,51.42,100,0,4.94,-33.59,26.89
91,Cherskiy,2126199,56.64,51,0,5.28,68.75,161.3
92,Arraial do Cabo,3471451,68.61,100,32,7.63,-22.97,-42.02
93,Samarskoye,499055,66.9,83,0,3.27,46.94,39.69
94,Mecca,104515,91.4,38,0,2.59,21.43,39.83
95,Lagoa,2267254,78.8,50,0,2.24,37.14,-8.45
96,Lerwick,2644605,56.3,87,92,16.11,60.15,-1.15
97,Ca Mau,1586443,85.17,83,68,9.31,9.18,105.15
98,Ostrovnoy,556268,48.99,100,48,7.96,68.05,39.51
99,Turayf,101312,73.4,53,0,5.82,31.68,38.65
100,Cape Town,3369157,51.8,87,20,13.87,-33.93,18.42
101,Salima,924055,51.78,91,0,2.48,-13.78,34.45
102,Liverpool,2644210,58.86,93,0,4.7,53.41,-2.98
103,Maragogi,3395458,70.86,97,56,4.61,-9.01,-35.22
104,Avarua,4035715,75.2,64,40,8.05,-21.21,-159.78
105,Kovdor,543508,51.69,92,24,2.71,67.56,30.47
106,Port Lincoln,2063036,54.57,99,64,22.06,-34.72,135.86
107,Glenwood Springs,5423092,76.23,30,1,6.93,39.55,-107.33
108,Ambovombe,1079048,57.72,93,0,5.5,-25.18,46.09
109,Yellowknife,6185377,59.0,87,90,5.82,62.45,-114.38
110,Covington,4615804,78.33,94,1,4.7,35.56,-89.65
111,Brigantine,4500920,78.31,74,1,6.93,39.41,-74.36
112,Norman Wells,6089245,68.0,64,90,6.93,65.28,-126.83
113,Puerto Ayora,3652764,70.23,100,80,12.77,-0.74,-90.35
114,Pacific Grove,5380437,69.53,63,1,6.93,36.62,-121.92
115,Kavaratti,1267390,82.11,98,92,19.93,10.57,72.64
116,Ponta do Sol,3453439,57.09,87,44,2.59,-20.63,-46.0
117,Aketi,220448,69.15,98,24,2.15,2.74,23.78
118,Praia da Vitoria,3372760,69.8,77,75,12.55,38.73,-27.07
119,Savannah Bight,3601402,84.27,93,64,15.23,16.45,-85.85
120,Nelson Bay,2155562,57.2,87,75,19.46,-32.72,152.14
121,Chuy,3443061,43.14,89,8,2.71,-33.69,-53.46
122,Atuona,4020109,79.77,99,0,20.6,-9.8,-139.03
123,Truro,2635412,59.0,100,0,9.17,50.26,-5.05
124,Thompson,6165406,55.4,76,40,2.59,55.74,-97.86
125,Itarema,3393692,76.62,85,0,14.34,-2.92,-39.92
126,Kwinana,2068079,52.95,87,90,6.93,-32.25,115.77
127,Leningradskiy,2123814,36.57,98,80,7.52,69.38,178.42
128,Kidal,2455290,70.32,97,68,5.61,18.44,1.41
129,Kruisfontein,986717,50.97,94,0,6.85,-34.0,24.73
130,Vanimo,2084442,81.75,100,76,6.96,-2.67,141.3
131,Inuvik,5983607,55.4,71,75,3.36,68.36,-133.71
132,Palmer,5871146,64.42,72,90,3.36,61.6,-149.11
133,Laguna,4013704,89.6,62,90,11.41,27.52,-110.01
134,Cidreira,3466165,50.25,93,0,8.41,-30.17,-50.22
135,Hobart,2163355,53.6,71,75,8.05,-42.88,147.33
136,Dutlwe,933787,49.26,52,0,2.93,-23.98,23.93
137,Saint-Philippe,6138908,77.86,78,1,3.36,45.36,-73.48
138,Bredasdorp,1015776,50.0,71,20,9.17,-34.53,20.04
139,Tumut,2145875,41.61,96,92,7.63,-35.3,148.22
140,Aksay,583673,69.15,83,24,2.93,47.27,39.86
141,Srednekolymsk,2121025,54.66,65,12,3.94,67.46,153.71
142,Aitape,2101169,81.57,94,64,4.16,-3.15,142.36
143,Mar del Plata,3863379,45.39,85,32,5.17,-46.43,-67.52
144,Nanortalik,3421765,39.81,100,56,8.97,60.14,-45.24
145,Lacombe,6035615,73.4,49,20,2.24,52.47,-113.73
146,Severo-Kurilsk,2121385,57.54,87,44,3.27,50.68,156.12
147,Bonthe,2409914,73.56,100,92,2.26,7.53,-12.5
148,Matias Olimpio,3395125,78.69,79,0,8.41,-3.72,-42.56
149,Coihaique,3894426,41.79,87,0,3.36,-45.58,-72.07
150,Boa Vista,3664980,78.8,88,0,2.24,2.82,-60.67
151,Syava,485304,62.76,93,0,6.17,58.01,46.32
152,Gushikawa,1863495,86.59,74,1,8.05,26.35,127.87
153,Jalu,86049,78.51,48,0,8.3,29.03,21.55
154,Tomatlan,3981391,75.72,96,68,1.7,19.93,-105.25
155,Umm Lajj,100926,77.16,100,8,3.94,25.02,37.27
156,Katsuura,1865309,91.4,63,75,6.93,33.93,134.5
157,Camacha,2270385,72.61,88,40,23.04,33.08,-16.33
158,Isangel,2136825,71.31,100,0,14.45,-19.55,169.27
159,Tommot,2015179,58.44,56,0,4.38,58.97,126.27
160,Warner Robins,4229476,80.6,88,20,2.59,32.62,-83.6
161,Ilulissat,3423146,50.0,53,20,10.29,69.22,-51.1
162,Matay,352628,76.71,59,0,10.2,28.42,30.79
163,Castro,3896218,47.64,100,92,3.49,-42.48,-73.76
164,Moron,3631878,75.2,94,40,2.26,10.49,-68.2
165,Nantucket,4944903,73.44,100,1,5.82,41.28,-70.1
166,Cape Coast,2302357,70.59,89,88,5.39,5.11,-1.24
167,Faya,110690,64.36,93,20,10.29,18.39,42.45
168,Puerto Baquerizo Moreno,3652758,70.68,100,32,15.46,-0.9,-89.6
169,Hofn,2630299,48.54,100,92,15.12,64.25,-15.21
170,Ende,1644932,76.89,100,76,12.33,-8.84,121.65
171,Port Macquarie,2152659,69.8,49,40,5.82,-31.43,152.91
172,Clyde River,5924351,37.4,93,90,11.41,70.47,-68.59
173,Canico,2270258,72.37,88,20,3.36,32.63,-16.85
174,Torbay,6167817,53.6,100,90,16.11,47.66,-52.73
175,Klaksvik,2618795,51.8,100,100,9.17,62.23,-6.59
176,Komsomolskiy,1486910,49.26,73,92,11.77,67.55,63.78
177,Khatanga,2022572,62.4,77,24,15.23,71.98,102.47
178,Langxiang,2036237,74.01,66,12,2.82,46.95,128.87
179,Samarai,2132606,78.24,100,64,13.44,-10.62,150.67
180,Upernavik,3418910,42.78,86,8,12.33,72.79,-56.15
181,Zhigansk,2012530,61.59,64,0,5.39,66.77,123.37
182,Bethel,5880568,55.4,100,90,17.22,60.79,-161.76
183,Bilibino,2126682,60.51,46,8,2.93,68.06,166.44
184,Byron Bay,2172880,73.4,53,8,19.46,-28.65,153.62
185,Mahebourg,934322,68.0,64,20,9.17,-20.41,57.7
186,Springbok,3361142,25.14,71,0,2.48,-29.67,17.88
187,Platteville,5267332,69.84,100,90,5.82,42.73,-90.48
188,Vestmanna,2610343,51.8,100,92,9.17,62.16,-7.17
189,Muyezerskiy,524100,56.55,89,80,2.37,63.93,31.65
190,Bulawayo,894701,52.95,41,0,5.73,-20.16,28.59
191,Bathsheba,3374083,80.6,88,20,12.75,13.22,-59.52
192,Cabedelo,3404558,69.8,106,20,4.7,-6.97,-34.84
193,Vao,588365,61.59,89,56,11.43,59.1,26.19
194,Santa Maria da Vitoria,3450063,70.14,67,32,3.15,-13.39,-44.19
195,Seoul,1835848,87.06,84,75,4.7,37.57,126.98
196,Phangnga,1151464,86.95,70,75,10.29,8.45,98.53
197,Scarborough,2638419,59.88,87,20,2.24,54.28,-0.41
198,Alice Springs,2077895,55.4,32,0,11.41,-23.7,133.88
199,Santander Jimenez,3517151,77.97,81,68,4.94,24.22,-98.47
200,Fangshan,1811542,77.0,83,0,6.71,39.75,116.14
201,Methoni,257122,66.2,72,0,4.7,36.82,21.7
202,Santiago de Cao,3692073,60.96,94,0,3.94,-7.96,-79.24
203,Yulara,6355222,55.4,35,0,12.75,-25.24,130.99
204,Ardakan,143073,78.8,16,0,6.93,32.31,54.02
205,Sitka,4267710,88.5,32,32,16.13,37.17,-99.65
206,Kiyasovo,547927,67.98,93,0,4.38,56.35,53.12
207,Northam,2641434,61.34,100,75,3.36,51.04,-4.21
208,Cairns,2172797,78.8,65,75,11.41,-16.92,145.77
209,Ankang,1789065,86.79,61,8,2.59,32.73,108.99
210,Balclutha,2208248,49.62,86,44,4.83,-46.24,169.74
211,Geraldton,5960603,60.8,100,40,4.94,49.72,-86.95
212,Mianyang,1800627,87.96,86,0,3.27,31.46,104.75
213,Georgetown,3378644,77.0,94,0,4.7,6.8,-58.16
214,Ferrol,3123493,72.61,94,0,3.36,43.48,-8.23
215,Feicheng,1789176,91.74,78,20,4.38,36.18,116.77
216,Bubaque,2374583,77.0,94,40,5.82,11.28,-15.83
217,Olinda,3650121,73.4,78,20,14.99,-2.03,-79.75
218,Flin Flon,5954718,62.13,61,0,5.17,54.77,-101.88
219,Etaples,3019441,63.66,82,0,4.7,50.52,1.63
220,Constitucion,4011743,73.4,27,75,17.22,23.99,-104.67
221,Saint George,262462,68.0,60,20,3.36,39.45,22.34
222,Gbarnga,2277060,68.97,97,88,3.94,7.0,-9.47
223,College,5859699,60.17,87,90,9.17,64.86,-147.8
224,Umm Kaddadah,364933,66.63,97,48,3.6,13.6,26.69
225,Goure,2444219,69.96,98,92,10.54,13.98,10.27
226,Jardim,3460087,59.61,99,92,5.73,-21.48,-56.15
227,Jaciara,3460355,70.77,73,0,9.19,-15.95,-54.98
228,Zavetnoye,464179,66.45,79,0,2.93,47.12,43.89
229,Ust-Nera,2120048,50.61,78,92,2.59,64.57,143.24
230,Khao Yoi,1152919,78.8,94,40,3.36,13.24,99.82
231,Kushima,1895695,88.54,66,40,6.93,31.5,131.29
232,Spirit River,6153766,75.2,57,20,5.82,55.78,-118.84
233,Touros,3386213,77.52,83,68,14.0,-5.2,-35.46
234,Tezpur,1254710,78.42,95,68,2.93,26.62,92.79
235,Mizdah,2214827,75.9,55,80,12.1,31.45,12.98
236,Charters Towers,2171722,76.08,81,8,6.17,-20.07,146.27
237,At-Bashi,1528796,59.79,56,0,2.26,41.17,75.81
238,Dawson Creek,5935804,77.0,47,1,6.93,55.76,-120.23
239,Wajima,1848976,77.0,100,75,9.17,37.4,136.9
240,Esperance,3573739,80.6,74,20,4.72,10.24,-61.45
241,Solnechnyy,2016307,82.65,50,8,3.94,50.72,136.64
242,Wanaka,2184707,44.94,70,20,2.37,-44.7,169.14
243,Kununurra,2068110,75.2,23,0,16.11,-15.77,128.74
244,Kamenka,553725,68.52,69,44,3.94,53.19,44.05
245,Ulaanbaatar,2028462,68.0,68,20,2.24,47.92,106.92
246,Souillac,3026644,71.76,68,0,2.15,45.6,-0.6
247,Poronaysk,2121909,69.6,81,0,4.05,49.22,143.1
248,Chunhuhub,3530691,80.22,67,0,3.83,19.59,-88.59
249,Madarounfa,2441526,68.52,97,44,8.86,13.3,7.16
250,Staryy Krym,692714,72.03,93,0,6.17,45.03,35.1
251,Aklavik,5882953,55.4,71,75,3.36,68.22,-135.01
252,Henties Bay,3356832,49.08,100,0,4.72,-22.12,14.28
253,Gamba,1281256,38.91,100,88,2.37,28.28,88.52
254,Noumea,2139521,75.2,50,0,14.99,-22.28,166.46
255,Birin,170017,67.89,97,12,8.52,35.01,36.67
256,Mackay,5921525,75.2,50,40,3.36,53.65,-115.58
257,Mayo,6068416,60.8,82,90,9.17,63.59,-135.9
258,Altay,1529651,63.12,58,32,3.04,47.83,88.13
259,Kulhudhuffushi,1337613,82.56,99,88,15.68,6.62,73.07
260,Severo-Yeniseyskiy,1492566,53.76,63,80,5.5,60.37,93.04
261,Bahia Blanca,3865086,51.51,63,8,9.75,-38.72,-62.27
262,Vestmannaeyjar,3412093,52.23,85,100,15.68,63.44,-20.27
263,Mehamn,778707,46.4,87,75,12.75,71.03,27.85
264,Cockburn Town,3576994,82.74,97,0,17.47,21.46,-71.14
265,Kortkeros,544397,57.2,100,75,6.71,61.81,51.56
266,Puerto Penasco,3991347,88.41,91,0,8.19,31.32,-113.53
267,South Daytona,4173431,79.65,83,20,4.7,29.17,-81.0
268,Olden,3135601,42.78,99,92,1.48,61.84,6.81
269,Kilemary,548715,66.99,76,8,10.42,56.78,46.86
270,Lodwar,189280,67.62,71,0,5.61,3.12,35.6
271,Gat,2249901,77.79,92,92,8.63,14.69,-16.54
272,Chiredzi,893485,57.27,50,0,4.05,-21.05,31.67
273,Saint-Augustin,3031582,68.92,93,0,2.59,44.83,-0.61
274,Cayenne,3382160,73.4,100,0,5.95,4.94,-52.33
275,Marzuq,72181,65.01,68,88,2.48,14.4,46.47
276,Rondonopolis,3450909,73.47,66,20,8.97,-16.46,-54.64
277,Victoria,1733782,80.85,100,75,14.0,5.28,115.24
278,Bandarbeyla,64814,77.52,88,0,27.09,9.49,50.81
279,Hervey Bay,2146219,71.94,81,0,11.99,-25.3,152.85
280,Broome,2656067,60.85,87,0,2.24,52.47,1.45
281,Vila Franca do Campo,3372472,69.8,73,75,8.05,37.72,-25.43
282,Ust-Kut,2013923,68.25,68,20,3.38,56.78,105.75
283,Alofi,4036284,73.4,73,92,6.93,-19.06,-169.92
284,Kudahuvadhoo,1337607,80.85,100,64,9.64,2.67,72.89
285,Kokkola,651951,53.6,87,20,6.93,63.84,23.13
286,Rio Verde de Mato Grosso,3451051,66.72,79,88,7.4,-18.92,-54.84
287,Furano,2128147,73.4,53,20,3.36,43.28,142.47
288,Nenjiang,2035601,76.26,88,12,5.39,49.17,125.23
289,Lyantonde,229599,57.09,84,12,4.38,-0.41,31.15
290,Mandera,187896,73.83,73,0,10.42,3.94,41.86
291,Sakaiminato,1853174,88.75,66,40,9.17,35.55,133.23
292,Upata,3625710,76.62,80,88,6.06,8.02,-62.41
293,Teknaf,1185095,78.69,95,48,4.16,20.86,92.31
294,Canavieiras,3467577,73.83,89,92,5.61,-15.68,-38.95
295,Eureka,5563397,60.8,82,1,5.82,40.8,-124.16
296,Kutum,371745,63.66,89,8,3.71,14.2,24.66
297,Bowen,2174444,80.6,54,75,6.93,-20.01,148.25
298,Bratslav,711459,64.47,94,36,3.04,48.83,28.94
299,Trinidad,3439749,40.44,82,0,7.4,-33.52,-56.9
300,Sangar,2017215,67.62,65,0,4.38,63.92,127.47
301,Ancud,3899695,49.35,98,92,5.39,-41.87,-73.83
302,Shimanovsk,2016701,73.02,46,44,3.71,52.0,127.67
303,Grand Gaube,934479,68.0,64,20,9.17,-20.01,57.66
304,Shimoda,1852357,86.65,84,75,8.05,34.7,138.93
305,Port Hardy,6111862,62.6,77,75,8.05,50.7,-127.42
306,Chapais,5919850,69.8,83,1,6.93,49.78,-74.86
307,Hiriyur,1270032,74.73,75,80,17.02,13.94,76.62
308,Sauda,3140056,43.32,100,88,2.48,59.65,6.35
309,Tchollire,2221607,68.61,99,64,2.15,8.4,14.17
310,Krasnyy Chikoy,2012349,60.24,90,76,4.72,50.36,108.75
311,Pierre,5767918,73.4,64,20,5.82,44.37,-100.35
312,Luxor,360502,84.2,42,0,2.71,25.7,32.65
313,Ankara,323786,64.4,68,0,2.71,39.92,32.85
314,Goundam,2456917,77.97,83,0,9.98,16.42,-3.66
315,Codrington,2160063,70.14,59,36,10.65,-28.95,153.24
316,Balkhash,1525798,76.62,71,68,8.52,46.84,74.98
317,Raudeberg,3146487,55.4,76,92,9.17,61.99,5.14
318,San Cristobal,3652462,51.8,87,20,9.17,-0.39,-78.55
319,Faanui,4034551,80.31,100,20,13.67,-16.48,-151.75
320,Kahului,5847411,82.89,58,40,20.8,20.89,-156.47
321,Meulaboh,1214488,80.04,100,8,1.7,4.14,96.13
322,Buchanan,2278158,73.4,94,75,4.94,5.88,-10.05
323,Price,5545269,84.2,8,1,14.99,39.6,-110.81
324,Agropoli,6541176,75.36,100,0,4.72,40.35,15.0
325,Wonthaggi,2154826,51.51,73,68,10.76,-38.6,145.59
326,Kiama,2161515,64.4,36,0,20.8,-34.67,150.86
327,Kodiak,4407665,86.0,48,1,10.29,39.95,-94.76
328,Marica,3457708,71.6,78,75,3.36,-22.92,-42.82
329,Guryevsk,1506073,61.32,59,0,3.49,54.28,85.93
330,Novosysoyevka,2018857,74.82,64,12,2.93,44.23,133.36
331,Lamu,1623890,75.63,100,68,3.6,0.57,122.3
332,Sofiyivka,693325,66.2,77,0,3.38,48.05,33.87
333,Heihe,2036973,77.0,57,20,2.24,50.24,127.51
334,Pinsk,623549,64.11,78,76,6.85,52.11,26.1
335,Iqaluit,5983720,41.0,93,90,9.17,63.75,-68.52
336,Tahoua,2439376,69.42,97,92,11.21,14.89,5.26
337,Yar-Sale,1486321,52.32,88,20,8.75,66.83,70.83
338,Lima,3936456,54.84,87,12,2.37,-12.06,-77.04
339,Talnakh,1490256,45.93,89,68,5.28,69.49,88.39
340,Iida,1861864,86.16,47,12,1.36,35.45,137.9
341,Tuatapere,2180815,49.35,100,8,3.27,-46.13,167.69
342,Lac du Bonnet,6014443,63.39,79,88,8.75,50.25,-96.06
343,Tutoia,3385899,78.69,85,12,13.56,-2.76,-42.27
344,Omsukchan,2122493,52.05,97,80,3.6,62.53,155.8
345,Ponta Delgada,3372783,69.8,73,75,8.05,37.73,-25.67
346,Paamiut,3421193,41.79,97,0,1.25,61.99,-49.67
347,Ahuimanu,5856516,81.48,65,75,8.05,21.44,-157.84
348,Aranos,3358666,43.86,26,0,6.96,-24.14,19.11
349,Lubin,3092931,57.2,82,0,4.7,51.4,16.21
350,Pingliang,1798760,79.86,68,0,3.15,35.54,106.68
351,Strezhevoy,1490796,55.4,87,0,4.47,60.73,77.6
352,Walvis Bay,3359638,54.21,100,0,10.09,-22.95,14.51
353,Coxim,3465228,70.5,70,92,9.86,-18.5,-54.75
354,Kaputa,176758,49.62,77,0,2.37,-8.47,29.66
355,Pangnirtung,6096551,43.5,93,92,14.45,66.15,-65.72
356,Kuruman,986134,27.66,74,0,4.83,-27.46,23.43
357,Bambous Virieux,1106677,68.0,64,20,9.17,-20.34,57.76
358,Labuhan,1641899,83.82,71,8,4.16,-2.54,115.51
359,Utete,149070,62.67,93,0,2.37,-7.99,38.76
360,Nipawin,6088469,59.0,82,1,6.93,53.36,-104.02
361,Kayerkan,1497337,47.64,97,76,6.29,69.35,87.76
362,Hirara,1862505,86.92,70,40,10.29,24.8,125.28
363,Belton,4673425,88.07,45,1,10.29,31.06,-97.46
364,Bumba,217745,69.87,98,0,2.71,2.18,22.47
365,Husavik,5961417,59.16,88,0,10.76,50.56,-96.99
366,Tyup,1527121,67.44,35,0,2.15,42.73,78.36
367,Kochki,1503061,61.77,71,0,4.94,54.33,80.49
368,Mapiripan,3792394,73.29,95,12,4.38,2.89,-72.13
369,Kaeo,2189343,57.54,80,80,6.73,-35.1,173.78
370,Carnarvon,1014034,20.37,67,0,2.59,-30.97,22.13
371,Cabra,2520645,74.19,47,0,2.24,37.47,-4.43
372,Tucurui,3385935,83.37,55,88,2.71,-3.77,-49.67
373,Muisne,3653967,73.11,96,92,4.38,0.61,-80.02
374,Jagtial,1269562,76.62,87,92,14.0,18.8,78.92
375,Tsogni,2400547,71.31,100,20,6.62,-2.79,10.1
376,Comodoro Rivadavia,3860443,51.8,53,0,12.75,-45.87,-67.48
377,Berlevag,780687,46.4,87,75,12.75,70.86,29.09
378,Dunedin,2191562,48.72,79,32,3.94,-45.87,170.5
379,Iquique,3887127,57.2,82,40,3.36,-20.22,-70.14
380,Maple Creek,6065592,63.21,80,32,2.93,49.91,-109.46
381,Nechi,3689611,66.27,95,44,1.14,5.59,-75.16
382,Porosozero,506232,58.71,91,32,2.48,62.72,32.71
383,Plymouth,2640194,57.2,100,75,3.36,50.37,-4.14
384,Vite,3109642,72.41,73,0,3.36,42.89,-8.54
385,Campbell River,5914132,79.97,32,75,2.24,50.02,-125.24
386,Carballo,3126369,72.54,94,0,3.36,43.21,-8.69
387,Ugoofaaru,1337619,82.74,99,92,14.67,5.67,73.0
388,Midland,5526337,86.88,33,0,12.75,32.0,-102.08
389,Arawa,2338403,73.02,86,92,5.5,7.05,3.9
390,Ust-Kuyga,2013921,53.22,62,0,10.42,70.0,135.55
391,Duku,2344415,72.03,98,88,6.4,11.24,4.91
392,Maningrida,2067089,83.55,66,56,7.29,-12.05,134.23
393,Imbituba,3461370,53.6,100,0,6.73,-28.24,-48.67
394,Nemuro,2128975,59.0,82,75,5.82,43.32,145.57
395,Bembibre,3128308,60.8,72,0,1.12,42.62,-6.42
396,Awash,343134,61.95,87,8,3.6,8.99,40.17
397,Pimentel,3389609,77.07,75,0,5.73,-3.7,-45.5
398,Zaigrayevo,2012735,66.2,77,75,6.71,51.83,108.27
399,Maur,1263293,90.03,63,36,7.4,30.07,75.23
400,Ketchikan,5554428,74.62,49,1,8.05,55.34,-131.65
401,Taybad,1159384,78.69,27,0,15.46,34.74,60.78
402,Whitehorse,6180550,71.6,40,75,16.11,60.72,-135.06
403,Fortuna,2517679,83.28,42,20,5.82,38.18,-1.13
404,Fukue,1848373,89.6,66,20,9.17,35.03,136.69
405,Poum,787487,57.2,87,0,4.7,41.28,20.71
406,Morro Bay,5374920,75.07,56,1,11.41,35.37,-120.85
407,Gambo,2565345,69.42,100,92,7.96,11.96,9.63
408,Luderitz,3355672,48.99,93,0,10.42,-26.65,15.16
409,Maniitsoq,3421982,41.79,90,0,5.73,65.42,-52.9
410,Sorong,1626542,82.29,100,76,10.87,-0.86,131.25
411,Inta,1505579,50.43,73,92,2.82,66.04,60.13
412,Shingu,1847947,91.4,63,20,14.99,33.72,135.99
413,Qostanay,1519928,66.2,72,20,4.47,53.17,63.58
414,Havoysund,779622,46.4,87,75,8.05,71.0,24.66
415,Bontang,1648186,85.8,83,0,10.54,0.12,117.47
416,Saldanha,2737599,65.37,67,0,2.93,41.42,-6.55
417,Tarata,3927774,27.39,73,0,1.92,-17.47,-70.03
418,Prykolotne,690193,64.65,87,0,2.93,50.16,37.35
419,Rocha,3440777,39.27,84,0,2.71,-34.48,-54.34
420,Riyadh,108410,87.8,27,0,2.24,24.63,46.72
421,Zheshart,463144,59.34,97,92,5.61,62.09,49.59
422,Guerrero Negro,4021858,76.53,70,0,10.65,27.97,-114.04
423,Forest Grove,5727190,87.58,16,1,3.27,45.52,-123.11
424,Gonbad-e Qabus,132938,77.52,93,80,3.04,37.25,55.17
425,Gemena,2315728,69.51,97,88,2.71,3.25,19.78
426,Mount Isa,2065594,69.8,16,40,14.99,-20.73,139.49
427,Saint-Prosper,6137631,68.79,82,48,5.39,46.21,-70.48
428,Hami,1529484,80.94,64,0,8.63,42.84,93.51
429,Istok,771158,62.6,88,0,2.24,52.66,23.48
430,Sillod,1256269,74.01,95,68,13.11,20.3,75.65
431,El Alto,3911925,35.6,53,20,5.82,-16.5,-68.19
432,Westport,2960970,59.79,98,92,12.21,53.8,-9.52
433,Dawei,1293625,73.11,99,92,2.59,14.07,98.19
434,Bereda,3105522,71.6,94,0,3.36,43.27,-7.54
435,Manapparai,1263952,84.2,58,20,9.17,10.61,78.42
436,Burgos,3127461,60.8,82,0,2.37,42.34,-3.7
437,Marsa Matruh,352733,75.2,88,20,5.82,31.35,27.25
438,Moba,212962,60.6,89,0,6.73,-7.04,29.77
439,Ingham,2162737,74.73,88,20,3.71,-18.65,146.16
440,Kontagora,2334008,72.39,95,92,6.29,10.4,5.47
441,Lokoja,2331939,71.04,99,56,6.17,7.8,6.74
442,Parana,3663516,77.0,88,20,3.36,-7.52,-72.89
443,Sur,286245,87.51,78,0,5.84,22.57,59.53
444,Iwanai,2129868,72.39,85,12,3.71,42.97,140.51
445,Atasu,1526041,78.51,43,80,7.85,48.68,71.64
446,Birjand,140463,75.2,30,0,9.17,32.86,59.22
447,Tual,1623197,79.77,99,32,8.86,-5.67,132.75
448,Te Anau,2181625,47.91,89,0,3.38,-45.41,167.72
449,Amazar,2027806,66.54,59,24,4.72,53.86,120.88
450,Jiangyou,1885823,85.8,81,0,3.94,31.78,104.73
451,Tyrma,2014694,74.1,64,12,3.94,50.04,132.17
452,Salalah,286621,77.0,94,75,5.82,17.01,54.1
453,Derzhavinsk,1524606,70.23,67,68,9.75,51.1,66.31
454,Tianguismanalco,3530757,57.2,87,75,8.05,18.98,-98.45
455,Saint-Pierre,2995603,65.55,72,0,3.36,48.95,4.24
456,Chimbote,3698304,60.06,100,0,7.4,-9.08,-78.59
457,Pionerskiy,1494949,55.56,65,80,5.73,61.2,62.86
458,Shieli,1524801,84.54,31,8,5.39,44.18,66.74
459,Ust-Tsilma,477940,56.91,71,92,4.94,65.44,52.15
460,Maihar,1264317,77.34,96,68,7.85,24.26,80.76
461,Svetlogorsk,584051,60.8,93,20,6.71,53.14,59.15
462,Rio Grande,3451138,47.73,96,0,5.28,-32.03,-52.1
463,Bhadasar,1276355,87.69,62,8,12.33,28.3,74.31
464,Tigil,2120612,62.85,77,92,5.95,57.8,158.67
465,Leshukonskoye,535839,56.01,99,92,3.94,64.9,45.76
466,Paciran,1633442,86.16,42,0,7.07,-6.9,112.33
467,Pinawa,6104820,63.39,79,88,8.75,50.15,-95.88
468,Vitim,2013375,65.01,69,8,3.04,59.44,112.57
469,Sao Borja,3449340,41.97,78,0,4.27,-28.66,-56.0
470,Mazara del Vallo,6541759,75.2,88,20,4.7,37.65,12.59
471,Bonfim,3451126,62.6,88,0,2.82,-20.33,-44.24
472,Kibala,2425791,73.4,88,20,9.17,9.11,18.35
473,Juli,3937516,25.59,100,0,2.82,-16.21,-69.46
474,Taoudenni,2450173,84.54,43,76,5.28,22.68,-3.98
475,Pahrump,5509851,99.91,3,1,16.11,36.21,-115.98
476,Fare,4034496,80.13,97,24,13.22,-16.7,-151.02
477,Grants,5469841,73.4,49,40,6.93,35.15,-107.85
478,Vila Velha,6320062,80.6,78,75,12.75,-3.71,-38.6
479,Saltpond,2295672,70.59,89,88,5.39,5.2,-1.06
480,Anadyr,2127202,51.8,87,90,11.18,64.73,177.51
481,Mountain Home,5601615,86.0,16,1,13.87,43.13,-115.69
482,Shelburne,6145890,79.41,65,1,5.82,44.08,-80.2
483,Banjar,1650233,79.05,52,8,7.18,-7.37,108.54
484,Los Llanos de Aridane,2514651,73.4,83,0,16.11,28.66,-17.92
485,Port-Gentil,2396518,74.01,98,88,11.32,-0.72,8.78
486,Hovd,7626384,53.6,81,75,13.87,63.83,10.7
487,Kitami,2129537,71.37,49,20,4.7,43.8,143.9
488,Paracuru,3393115,80.6,78,75,12.75,-3.41,-39.03
489,Negara,1634266,78.51,72,0,9.98,-8.36,114.62
490,Baruun-Urt,2032614,73.11,79,0,4.72,46.68,113.28
491,Sumbawanga,149703,62.04,87,0,8.86,-7.95,31.62
492,Amapa,3603330,82.4,94,75,10.29,15.09,-87.97
493,Inhambane,1045114,68.43,100,0,10.2,-23.87,35.38
494,Coquimbo,3893629,50.0,87,0,3.36,-29.95,-71.34
495,Quatre Cocos,1106643,68.0,64,20,9.17,-20.21,57.76
496,Sinnamary,3380290,80.67,98,12,9.64,5.38,-52.96
497,Kuminskiy,1501429,60.15,66,76,6.17,58.67,66.57
498,Margate,2158744,53.6,71,75,8.05,-43.03,147.26
499,Houlton,4967563,68.25,100,1,3.36,46.13,-67.84
500,Fort Saint James,5881688,70.86,50,0,3.71,54.43,-124.25
501,Chicama,3698359,60.96,94,0,3.94,-7.84,-79.15
502,Atambua,1651103,83.64,77,0,6.85,-9.11,124.89
503,Velyka Pysarivka,690230,65.01,90,20,2.93,50.43,35.48
504,Radzyn Podlaski,760680,61.86,88,12,8.19,51.78,22.62
505,Bonanza,3620645,74.82,94,92,3.38,14.03,-84.62
506,Montelimar,3623716,75.72,95,92,2.82,10.54,-84.57
507,Basiawan,1978472,87.8,62,75,12.75,6.53,125.49
508,Mani,734880,63.93,74,0,5.95,41.41,26.4
509,Coahuayana,3981460,68.97,83,20,2.04,18.62,-100.35
510,Wasilla,5877641,64.42,77,90,4.7,61.58,-149.44
511,Jacareacanga,3397763,77.97,82,0,1.92,-6.22,-57.76
512,Zavodskoy,556349,59.52,83,0,2.37,43.1,44.65
513,Pisco,3932145,62.6,82,90,9.17,-13.71,-76.2
514,Roebourne,2062276,65.64,18,0,17.13,-20.77,117.15
515,Seddon,6243926,51.69,100,88,5.28,-41.67,174.07
516,Sorland,3137469,55.92,100,92,13.78,67.67,12.69
517,Champerico,3530097,78.8,69,90,8.05,16.38,-93.6
518,Road Town,3577430,82.4,78,1,9.17,18.42,-64.62
519,Taltal,3870243,46.92,89,0,2.59,-25.41,-70.49
520,Mana,789988,60.87,100,0,1.12,43.52,20.24
521,Mugur-Aksy,1498283,53.49,69,76,2.15,50.38,90.44
522,Taksimo,2015701,54.66,99,92,2.59,56.36,114.84
523,Necochea,3430443,48.27,71,0,11.65,-38.55,-58.74
524,Saint Anthony,5606187,72.21,33,1,5.82,43.97,-111.68
525,Edendale,965301,48.72,90,76,2.26,-29.65,30.31
526,Tilichiki,2120591,52.32,91,92,8.75,60.47,166.1
527,Honiara,2108502,86.0,62,20,9.17,-9.43,159.96
528,Bodden Town,3580733,84.2,83,20,10.29,19.28,-81.25
529,Dukat,786562,55.47,86,0,1.81,42.44,22.31
530,Carauari,3664659,74.46,94,8,2.59,-4.88,-66.9
531,Alta Floresta,6316343,79.32,70,24,2.48,-9.87,-56.08
532,Zaidpur,1252698,78.8,94,75,4.61,26.83,81.33
533,Terrace,6162949,84.2,32,20,16.11,54.52,-128.61
534,Cumpas,4012143,80.04,59,64,2.26,30.0,-109.78
535,Havre-Saint-Pierre,5972291,59.0,93,75,2.24,50.23,-63.6
536,Zemio,235826,67.62,94,0,2.59,5.02,25.13
537,Ketovo,1503879,68.16,64,32,10.65,55.35,65.33
538,Mitzic,2398283,71.22,90,68,2.37,0.78,11.55
539,Turukhansk,1488903,47.91,100,92,13.11,65.8,87.96
540,Rawson,3839307,37.74,80,0,2.59,-43.3,-65.11
541,Juybar,129933,80.6,83,75,6.93,36.64,52.91
